1744055874683 0.5465694492061933 0
1744055913762 0.4618379933138688 1
1744055950687 0.4448023873070876 2
1744055989131 0.4524944834411144 3
1744056026780 0.44643620153268176 4
1744056063650 0.43061534439524013 5
1744056100791 0.4396521983047326 6
1744056137976 0.4277026814719041 7
1744056175063 0.44111572826902073 8
1744056212105 0.443931029488643 9
1744056249185 0.44169069454073906 10
1744056286482 0.42909663046399754 11
1744056323600 0.4234723721941312 12
1744056360600 0.4447760097682476 13
1744056397879 0.43449794376889866 14
1744056435816 0.42951611429452896 15
1744056472978 0.4335765391588211 16
1744056510087 0.4359719877441724 17
1744056546890 0.43398212517301243 18
1744056584759 0.4348538741469383 19
