1744057103506 0.5279358190794786 0
1744057142473 0.4495724303026994 1
1744057180116 0.4368911099930604 2
1744057217393 0.436467873553435 3
1744057254733 0.44246336196859676 4
1744057292613 0.4360785397390525 5
1744057329956 0.43347321823239326 6
1744057368216 0.4448169879615307 7
1744057406007 0.43482862412929535 8
1744057443502 0.4353453777730465 9
1744057481158 0.44347961371143657 10
1744057518897 0.4388846928874652 11
1744057556032 0.4389750895400842 12
1744057596084 0.4487612210214138 13
1744057636654 0.4374276821811994 14
1744057674221 0.4308792973558108 15
1744057711996 0.4433778834839662 16
1744057749349 0.4276382525761922 17
1744057787019 0.4366046686967214 18
1744057825279 0.4367661538223426 19
