1744038230676 0.5387870321671168 0
1744038252366 0.460170882443587 1
1744038273200 0.44431255385279655 2
1744038294650 0.4469556100666523 3
1744038315932 0.43865878010789555 4
1744038337643 0.4423109305401643 5
1744038359677 0.4373002660771211 6
1744038381351 0.44333502526084584 7
1744038402795 0.4408403659860293 8
1744038423538 0.43870340784390766 9
1744038445167 0.43598197028040886 10
1744038465338 0.43374963973959285 11
1744038485931 0.44524525851011276 12
1744038505728 0.4301137588918209 13
1744038525237 0.43308520565430325 14
1744038544951 0.4417221372326215 15
1744038564534 0.4451342498262723 16
1744038584108 0.4309447618822257 17
1744038603842 0.4360515351096789 18
1744038623829 0.44446898500124615 19
