1743211640616 0.5004696838557721 0
1743211662567 0.4377393051981926 1
1743211684653 0.44480249285697937 2
1743211706970 0.43517600148916247 3
1743211729433 0.438744642585516 4
1743211751478 0.4357068456709385 5
1743211773660 0.4471243552863598 6
1743211796654 0.4387366347014904 7
1743211820055 0.44505261182785033 8
1743211843439 0.42984215915203094 9
1743211867648 0.4294089198112488 10
1743211891059 0.44041761234402654 11
1743211913840 0.4360033139586449 12
1743211936838 0.44605847299098966 13
1743211959532 0.4442127950489521 14
1743211982527 0.4355149745941162 15
1743212004728 0.428065687417984 16
1743212026926 0.44254365414381025 17
1743212049726 0.4294360838830471 18
1743212072128 0.4292942211031914 19
