1743212699279 0.5151838585734367 0
1743212720461 0.4564356158177058 1
1743212741574 0.4441707419852416 2
1743212762335 0.4346841623385747 3
1743212782358 0.4519730893274148 4
1743212802645 0.4415014535188675 5
1743212823226 0.43868060534199077 6
1743212843326 0.43225400398174924 7
1743212864103 0.4301118850708008 8
1743212884471 0.4393030268450578 9
1743212905144 0.443571833272775 10
1743212925455 0.4414044916629791 11
1743212946012 0.43418459718426067 12
1743212966383 0.4386022922893365 13
1743212986799 0.4384358177582423 14
1743213007153 0.4383098694185416 15
1743213027620 0.425771481047074 16
1743213048150 0.4381892780462901 17
1743213069092 0.44020993759234744 18
1743213089249 0.4347374215722084 19
