1743209747981 0.5177669197320938 0
1743209769349 0.45913395285606384 1
1743209790704 0.44247611463069914 2
1743209812019 0.43547243575255073 3
1743209833434 0.43341967860857644 4
1743209854670 0.4317290286223094 5
1743209876074 0.44516095221042634 6
1743209897524 0.43661008477211 7
1743209918916 0.44273185431957246 8
1743209940562 0.4340373814105988 9
1743209962086 0.4329693833986918 10
1743209983236 0.4321284919977188 11
1743210004656 0.45525000294049583 12
1743210025989 0.4520138959089915 13
1743210047434 0.5632481932640075 14
1743210069096 0.45975967347621916 15
1743210090617 0.43945795198281606 16
1743210112236 0.44372149407863615 17
1743210133957 0.44355710844198865 18
1743210155370 0.4312008827924728 19
