1744055000890 0.5267172542711099 0
1744055040042 0.45891717697183293 1
1744055081964 0.4488162621855736 2
1744055123734 0.44665008410811424 3
1744055162668 0.4281366380552451 4
1744055203289 0.43268953387935954 5
1744055242578 0.44116737445195514 6
1744055283812 0.42647380257646245 7
1744055322314 0.4505232746402423 8
1744055360575 0.4375154661635558 9
1744055398281 0.4443369557460149 10
1744055435939 0.44105062757929164 11
1744055473527 0.44111008817950886 12
1744055511551 0.45178159947196644 13
1744055549673 0.44815990577141446 14
1744055587234 0.4342214874923229 15
1744055625589 0.4348871186375618 16
1744055663568 0.4336889957388242 17
1744055700984 0.4400991735359033 18
1744055739075 0.4369870088994503 19
